90 3 2
281 -388
523 315
-100 -489
-645 851
807 920
-482 944
171 763
502 -62
-330 -262
806 885
856 495
-293 -235
-905 758
-275 182
956 -401
876 -977
362 -409
318 -966
-634 57
-532 799
-113 -866
-809 -931
-742 868
164 927
916 66
-11 -249
95 110
-835 -557
851 -528
507 -99
-731 -877
-897 -819
198 -414
414 354
-643 818
589 -514
-855 666
-385 -262
-983 108
377 -949
-243 -14
-772 -631
-509 471
162 -112
-200 958
-811 -714
747 629
-7 413
196 382
483 -601
-762 -638
318 -338
89 -191
3 -232
-711 435
654 631
-448 -952
24 4
111 -339
876 741
-96 -223
313 -202
436 86
-863 -570
-333 -706
858 572
777 -709
413 861
133 388
-775 259
-680 833
-334 -230
568 -665
536 -801
-572 -200
-358 427
-968 17
77 -825
785 493
-714 725
833 170
525 -441
153 238
786 -603
600 -243
-193 591
-237 -681
-760 353
-23 -542
-420 -218